1 1
1 2
1 3
2 4
2 5
2 6
2 7
3 8
3 9
3 10
4 11
4 12
4 13
5 14
5 15
5 16
6 17
6 18
6 19
7 20
7 21
7 22
7 23
7 24
7 25
8 26
8 27
8 28
8 29
9 108
9 109
9 110
9 111
9 112
9 113
9 114
9 115
9 116
9 117
9 118
9 119
9 120
10 30
10 31
10 32
10 34
10 36
10 37
10 39
10 40
10 41
11 43
11 45
11 46
11 48
11 49
11 50
11 52 
11 53
11 54
12 55
12 56
12 57
12 58
12 59
12 60
12 61
12 62
13 63
13 64
13 65
13 66
14 67
14 68
14 69
14 70
14 71
14 72
15 73
15 74
15 75 
15 76
15 77
16 78
16 79
16 80
16 81
16 82
16 83
16 84
16 85
16 86
16 87
17 88
17 89
17 90
17 91
17 92
18 93
18 94
18 95
18 96
19 97
19 98
19 99
19 100
20 101
20 102
20 103
21 104
21 105
21 106
21 107 